0.780100	0.644456	0.766051	0.755574
0.571000	0.620540	0.783495	0.775530
0.447400	0.643266	0.781589	0.777746
0.346500	0.706576	0.776092	0.772081
0.269400	0.764360	0.774333	0.772900
0.208800	0.838902	0.770595	0.768305
0.167200	0.942021	0.770302	0.768084
0.137100	0.989129	0.765098	0.764800
0.115600	1.036726	0.769129	0.766404
0.100200	1.069714	0.768836	0.766849

{'test_loss': 1.0601067543029785,
 'test_accuracy': 0.7703019642333626,
 'test_f1': 0.7684143679054639,
 'test_runtime': 3.6389,
 'test_samples_per_second': 3749.466,
 'test_steps_per_second': 58.809}